2.12100405700000	1.50705689000000
2.35229041800000	1.53384631400000
0.487031540000000	0.665434493000000
3.34628799300000	1.85366544800000
3.23285737900000	1.74609122900000
3.09142918100000	1.77619125200000
3.16167247800000	1.80891778700000
2.30897878500000	1.60404224300000
3.65071085300000	1.78074826900000
3.20504172700000	1.77364165400000
0.252350181000000	0.525532220000000
3.85363468200000	1.90907363200000
1.36460907000000	1.20840181500000
0.791612323000000	0.875512496000000
3.64249359900000	1.83080685000000
3.81320158200000	1.96929703900000
0.983214013000000	0.964110755000000
1.29226512000000	1.22610819500000
3.60759297900000	1.88528891400000
3.77574439800000	1.92355410900000
0.330886347000000	0.547279861000000
2.70930577900000	1.64004466400000
0.418577253000000	0.546248825000000
1.52772183200000	1.17705588300000
3.65858904400000	1.97939059100000
0.748837398000000	0.824729452000000
2.75139048000000	1.59388648000000
0.730664684000000	0.861302915000000
2.85294366300000	1.68894157000000
2.95379856700000	1.71502122400000
0.469977791000000	0.738758167000000
2.99032348400000	1.76739403400000
0.704606435000000	0.929430410000000
2.09371720000000	1.39685225200000
1.14430092100000	0.978424534000000
1.32633124900000	1.18186065200000
2.57666399100000	1.53300965300000
1.36350731300000	1.16894120800000
3.73227671000000	1.97552663700000
1.51180613800000	1.25244940200000
3.40254926700000	1.78417144200000
1.72967783800000	1.30594406500000
3.91067933200000	2.03927477500000
3.04766456200000	1.75585737300000
1.44608914400000	1.19138497400000
1.38126509200000	1.11273413400000
1.01640195400000	1.11117237500000
2.12953096100000	1.43530861200000
0.249778528000000	0.476891851000000
2.17447710300000	1.47921922600000
0.0626199930000000	0.208924826000000
0.694747137000000	0.787395788000000
0.744468231000000	0.881615656000000
0.907116520000000	0.883043833000000
3.04950692200000	1.67275632300000
1.04276694400000	0.996418535000000
2.23498207300000	1.48746461900000
3.14852720500000	1.74334111400000
1.26203665900000	1.05555731400000
2.17568880800000	1.45729484500000
0.274548774000000	0.531972661000000
3.50091310200000	1.82686745900000
3.20225243200000	1.84137428400000
2.34780745500000	1.56724278100000
0.421804192000000	0.634690503000000
3.15320978900000	1.77641150900000
1.63331149300000	1.29387536100000
2.34376639100000	1.51085068400000
0.638732018000000	0.831575295000000
2.53945975000000	1.58295456400000
2.55541931200000	1.61144296100000
2.33189158000000	1.56056798700000
1.45806961900000	1.26403982600000
1.58646430600000	1.25215653400000
0.353038725000000	0.660172331000000
2.33932328700000	1.43122672600000
0.595562954000000	0.772637299000000
0.640642747000000	0.776639804000000
0.125903555000000	0.355839268000000
2.51377553700000	1.56030857300000
2.05015321800000	1.42384542200000
2.53225493600000	1.48367033800000
3.00103000000000	1.78084699400000
1.38706909900000	1.17352120100000
1.64427911500000	1.29285022700000
0.575112985000000	0.760509056000000
2.51590484700000	1.59568067900000
1.07771371600000	1.08558046000000
3.93265553700000	2.01164175600000
3.11684803200000	1.76646215300000
2.63910035300000	1.67363254600000
1.44396827000000	1.23755291700000
2.13146009800000	1.38001317500000
0.957995120000000	0.960098732000000
1.10800645000000	1.05307462300000
2.16336027800000	1.45311944200000
3.76140547700000	1.90792325900000
3.36421229600000	1.81847956500000
2.53206764300000	1.58127267900000
0.928547787000000	0.896448255000000
1.13887492400000	1.04341847700000
3.94807700300000	1.96822065500000
1.85253722300000	1.44633803800000
2.37256997600000	1.53096516100000
3.50513987200000	1.78757238400000
3.68277162600000	1.85603296000000
1.03923912300000	0.973308178000000
2.03798779400000	1.42233105000000
0.402135391000000	0.629486554000000
0.448805626000000	0.725332451000000
2.87528480900000	1.64795223400000
0.351263926000000	0.676293391000000
0.477891036000000	0.757879715000000
0.400921804000000	0.681146495000000
1.16354611400000	1.12541507600000
1.34126841600000	1.11083656100000
3.12238865300000	1.78324160000000
2.03285692500000	1.42212949700000
1.39574974000000	1.18505214500000
1.62527009700000	1.34650719800000
1.58249276500000	1.20776263900000
2.71213442600000	1.62011970400000
3.50105476600000	1.96338889500000
2.59036104800000	1.58147682100000
1.09394665200000	1.03568054400000
0.624707839000000	0.756948778000000
1.61719879900000	1.20386369200000
3.38578718700000	1.86154037000000
0.987298799000000	1.01633277700000
0.171779389000000	0.449899877000000
2.86499171200000	1.65874964000000
2.52686935400000	1.56648881900000
2.32900621000000	1.42504998600000
3.77645906400000	1.95958361400000
1.46808621600000	1.19164188700000
1.19491156200000	1.04756236000000
3.80295507900000	2.00372289400000
3.94862723700000	1.90774200300000
2.47923066900000	1.50216758000000
3.11571838900000	1.80749653400000
1.20682661000000	1.14110453200000
1.07259505900000	1.04367812900000
1.48411901800000	1.11257588600000
1.84391913900000	1.36356265900000
3.89055708000000	2.03070617800000
1.77280211500000	1.30236147600000
1.22886565200000	1.13419202100000
0.724010928000000	0.820506540000000
3.02089264100000	1.61815796000000
1.11120994200000	1.06634358800000
3.25532728600000	1.79405018400000
3.63841120600000	1.90139007200000
3.49103863100000	1.84694102800000
2.48870614800000	1.54696999400000
2.57401354900000	1.58151056800000
1.08118376200000	1.05200200400000
0.135317833000000	0.386249649000000
0.689188012000000	0.911801227000000
2.07098879300000	1.52982193100000
1.84936036000000	1.33067267600000
3.25884058600000	1.80400523100000
0.361370902000000	0.669973272000000
2.90689007700000	1.79669198400000
0.625065416000000	0.734967420000000
1.21267426500000	1.09797651400000
3.86784182200000	1.95645466800000
0.0366835860000000	0.336770828000000
1.14445187800000	1.01602136100000
1.38381752500000	1.15775101600000
3.61716276000000	1.90822093300000
3.30912557600000	1.81054390500000
2.61324489800000	1.54900801600000
2.43264237600000	1.53198728400000
2.72353965000000	1.61513896400000
2.50022937600000	1.50517378500000
0.631904992000000	0.792713028000000
2.35523898000000	1.53592808900000
2.77585118300000	1.71753428700000
1.30651765200000	1.15300179500000
2.32120718500000	1.50128496700000
2.33601597800000	1.47429264100000
1.75602460800000	1.27744695900000
0.641581179000000	0.870168544000000
2.59808459200000	1.57237720400000
1.46102912400000	1.19206723800000
2.44465394300000	1.53863876700000
1.15923066700000	1.06942918800000
1.41157936300000	1.20350633300000
1.04135180200000	1.02190174300000
3.67163790900000	1.91536834700000
2.10425312600000	1.46414172500000
3.00775228800000	1.73433639400000
0.450177941000000	0.724266858000000
2.99965118900000	1.67092513300000
3.10105169600000	1.76899625200000
0.706746386000000	0.771822523000000
3.13747562400000	1.85066560200000
3.24579215700000	1.76985022600000
2.72885678900000	1.68854715400000
0.351942827000000	0.593315093000000
0.739544922000000	0.874162507000000
0.150954666000000	0.335307894000000
2.76553863900000	1.66875765600000
1.96953371900000	1.33175333600000
2.31478081200000	1.47675189400000
2.28981061700000	1.44967363300000
0.809229054000000	0.943710134000000
0.409428656000000	0.654095950000000
1.23301088300000	1.12174412600000
2.41091460900000	1.50400738900000
1.26395443200000	1.09455436600000
0.0688260050000000	0.259086252000000
3.01693175500000	1.76556469700000
0.302071704000000	0.531399821000000
1.61689016800000	1.20297639200000
1.95506603200000	1.37637069400000
2.64968390700000	1.58081812600000
0.0116675800000000	0.100845933000000
0.269031355000000	0.499580158000000
2.73067860000000	1.55467722800000
2.15676147000000	1.55652407100000
2.79563842800000	1.67417928400000
3.57617734600000	1.94057105400000
0.148018008000000	0.298553872000000
2.71543147300000	1.58077522400000
2.18083480200000	1.52204050900000
1.75879844000000	1.32965502700000
0.0452208580000000	0.181153658000000
0.403867194000000	0.642111262000000
3.66225961700000	1.86185990100000
0.992857720000000	0.965509924000000
2.08573680300000	1.47608330200000
0.362526136000000	0.602430760000000
3.13655602700000	1.71034368000000
2.90186402600000	1.69295415600000
2.39254304200000	1.51473680700000
2.05591778800000	1.47725192300000
1.36696933500000	1.16065539400000
1.03414226300000	1.08032458900000
0.421845737000000	0.595472279000000
2.15873208000000	1.41167584400000
1.00580790100000	1.01487818200000
3.14810589200000	1.76010158800000
3.51148615600000	1.74602779100000
2.13760530400000	1.45196719600000
0.648528972000000	0.860319324000000
2.66741318200000	1.57302285300000
2.42475442200000	1.52339090200000
3.72327515400000	1.92317576900000
0.0708735340000000	0.284216726000000
1.60706617000000	1.25002220900000
0.266035424000000	0.495710339000000
2.29394014900000	1.53374468900000
2.45848120700000	1.54979932600000
0.170761963000000	0.338518262000000
2.15645353400000	1.56761471800000
3.76719952700000	1.97453640400000
1.58895007100000	1.11677762900000
3.75742060100000	1.93473011200000
1.07182939000000	1.18591363800000
2.58028250700000	1.57144086400000
0.612207126000000	0.724568129000000
3.77408733400000	1.98716862000000
3.42016165900000	1.85524222200000
3.00496804800000	1.70478448500000
2.46478664400000	1.57504824200000
2.55667393600000	1.55182151000000
2.86213471800000	1.71102447200000
3.26109815900000	1.76499454000000
3.07976312300000	1.71806328600000
3.60834326900000	1.87588257800000
2.84843084500000	1.65027588000000
3.07654761000000	1.69096225100000
2.44082691100000	1.57726628200000
3.42702027600000	1.79076883400000
3.19880234900000	1.80250557600000
1.17343065000000	1.12254470000000
2.60685264400000	1.74583928100000
3.65958446400000	1.93082416700000
2.98968340400000	1.67179828800000
2.96639474700000	1.74567891300000
1.23517593900000	1.03176908200000
0.320304346000000	0.547457601000000
1.00785516300000	1.01814751500000
0.835876392000000	0.859099239000000
2.38493279500000	1.49564586500000
3.16050969400000	1.77925511300000
3.47888894300000	1.95240435900000
2.75786838300000	1.64191540000000
3.60316863200000	1.81062530100000
3.00179340500000	1.76783909100000
0.0355659470000000	0.213148288000000
1.64623602700000	1.33843848700000
3.62655413300000	1.93124229900000
3.36539850400000	1.89524901300000
0.648744375000000	0.836998841000000
3.75653670700000	1.96454318000000
3.38419906600000	1.79970338400000
1.38194117900000	1.05322367400000
3.35916530500000	1.87899685700000
1.36924422100000	1.14388049500000
1.48005989400000	1.17839539800000
2.85128922000000	1.62005663200000
3.52599840600000	1.89054801100000
3.58589877500000	1.88630560300000
1.80697485100000	1.41038542800000
2.17273983200000	1.48414402500000
0.0997133130000000	0.351082299000000
3.17266952700000	1.67262397600000
1.74546369000000	1.29640205100000
0.771787781000000	0.907700471000000
1.54619034700000	1.25773724900000
1.93701774500000	1.35732245500000
3.59533797400000	1.87629002600000
1.66499416300000	1.27158546100000
3.45822511400000	1.77842313000000
0.561723241000000	0.744575391000000
1.89272323900000	1.36973114700000
2.41934754100000	1.54070094300000
2.11693645100000	1.48205718800000
1.58698116100000	1.28303607700000
0.579751079000000	0.779950510000000
1.85955256500000	1.33660192200000
2.94345443000000	1.75524454500000
3.13082526900000	1.64040494600000
1.34337114200000	1.24303288400000
1.43454496800000	1.24014021800000
3.97781687100000	1.98563746000000
0.0791344490000000	0.285255534000000
3.21920545200000	1.77131494900000
1.57145979800000	1.18940067600000
0.761301176000000	0.922679661000000
0.404835145000000	0.560360885000000
2.97274719100000	1.72645106100000
0.898467256000000	0.979165493000000
0.495635103000000	0.643022616000000
1.79823759500000	1.37466614600000
0.432062010000000	0.673557817000000
1.54726376800000	1.33339021800000
3.17092362000000	1.78381288000000
2.43330551900000	1.57116156300000
1.69816975000000	1.45151503800000
0.372574301000000	0.647282926000000
2.50216425500000	1.67468610600000
2.92403917900000	1.75048980000000
0.636917473000000	0.878047810000000
2.55643825200000	1.71668813800000
2.76656390000000	1.64070252300000
3.04595729800000	1.82916481300000
0.171933694000000	0.316512708000000
2.80895865700000	1.65509256600000
2.39314131000000	1.59794447600000
1.99379199600000	1.46440736900000
2.12637978300000	1.44499657900000
3.04179603900000	1.77828632500000
0.546329832000000	0.715619165000000
1.70246666100000	1.30063707800000
1.68528876500000	1.28283630700000
1.18153751000000	1.04535693000000
0.829284285000000	0.905815822000000
0.0654293040000000	0.271344180000000
2.49913323000000	1.64488440100000
3.89723043800000	1.94875048300000
0.842308474000000	0.971706177000000
3.37258901200000	1.87689962400000
1.82330541200000	1.30771319100000
3.77479560400000	1.94124135900000
3.47651935900000	1.81189081800000
0.192271385000000	0.385378033000000
2.06118621600000	1.36152550200000
2.92924790200000	1.73743663700000
1.66310976400000	1.33813602800000
3.13770246700000	1.80884839600000
0.904265907000000	0.925990250000000
3.80968352700000	1.86423847800000
1.74022251900000	1.30685669500000
0.0997773960000000	0.282807930000000
3.30255605700000	1.90170490300000
2.18100734100000	1.51849498300000
0.152468729000000	0.436797060000000
2.45304561000000	1.60136751100000
3.98451246700000	1.92257275000000
1.54467884500000	1.23186776400000
3.51820450400000	1.83618965100000
1.06166015000000	0.954640642000000
3.53923197600000	1.86954759100000
0.504716348000000	0.644575863000000
1.36525787600000	1.20282058200000
0.741747335000000	0.883372659000000
1.72183329000000	1.37850831900000
1.74111904200000	1.36762777500000
2.71128388700000	1.69766481900000
1.74463278600000	1.27822603100000
1.84150804100000	1.28690943000000
3.48180977900000	1.78517742100000
2.26883874600000	1.51097938200000
1.63207873800000	1.33684852600000
0.315209218000000	0.545472252000000
1.60286382800000	1.25158141200000
2.83353715200000	1.75434620800000
1.84422028700000	1.28054470600000
0.694677783000000	0.774351928000000
2.79290234400000	1.57436444500000
2.97818854900000	1.92575379400000
2.03519578800000	1.46780449100000
1.25457284400000	0.990424245000000
3.92396110900000	1.98604719000000
3.66131993300000	1.92706529100000
2.20728880600000	1.45086815000000
1.17883167900000	1.15188715500000
3.87412233900000	1.97080096400000
2.16066568200000	1.58998541900000
3.40623462900000	1.84847209600000
3.47829100400000	1.85405673400000
2.63275504600000	1.56706518100000
0.311091510000000	0.601786048000000
1.73310371300000	1.35054386200000
1.70822054100000	1.28918122900000
0.719576959000000	0.968907605000000
2.65533784900000	1.59135182400000
2.30266673000000	1.49891060300000
2.06772808100000	1.44305086000000
0.378417504000000	0.646113040000000
3.96019449800000	2.00423540100000
2.24120770700000	1.51157474300000
2.57913971600000	1.60165002600000
2.63896065500000	1.57662669600000
2.22837454400000	1.44062794100000
1.02524180600000	0.944504628000000
0.400654929000000	0.626771764000000
0.314788637000000	0.534904721000000
2.54277053700000	1.56580060200000
2.91451055000000	1.70739785500000
1.48467756800000	1.19897045300000
0.842490586000000	0.866366696000000
2.73866298600000	1.72156553300000
0.954148593000000	0.907162996000000
1.97077690700000	1.35640419700000
0.222678016000000	0.452570663000000
0.652412832000000	0.778020436000000
0.839983575000000	0.953010735000000
1.27379726300000	1.14214926700000
3.58126586100000	1.83313673300000
2.29378307200000	1.49898620300000
0.776221996000000	0.835631371000000
3.20712103800000	1.73108802600000
2.20062246200000	1.54998150800000
2.31694984200000	1.59967351500000
0.410663676000000	0.656856857000000
1.98354685200000	1.39539834300000
2.64248976500000	1.76349681000000
1.87017590700000	1.31501195200000
1.94382025800000	1.37441800800000
0.485329069000000	0.688018166000000
3.40762129600000	1.85200201200000
0.0474740800000000	0.287914122000000
1.43499783100000	1.26111917200000
1.69334639100000	1.21668069300000
2.35133389700000	1.47001316200000
2.56901537800000	1.60332733400000
0.623160669000000	0.842612768000000
2.75906227200000	1.65849055900000
1.90926526800000	1.40161256700000
3.55650261600000	1.83020463900000
1.03084625700000	1.11290687000000
3.85920253500000	1.97893894200000
0.643418650000000	0.806928439000000
0.0906514210000000	0.281372656000000
1.10251038000000	1.19035543800000
3.18908570100000	1.79760588500000
0.485669318000000	0.675435094000000
3.92540555000000	1.90896419100000
3.92956591000000	2.00210219400000
0.276295131000000	0.482371303000000
2.00450395800000	1.52033111900000
3.98685181800000	1.93140932300000
3.38676987900000	1.84507367700000
1.04421879700000	0.921126359000000
3.83760221300000	1.93694048000000
3.23120174500000	1.78013812700000
2.92558503300000	1.67866298200000
3.21461704200000	1.81678239100000
3.77412523800000	1.90627213200000
0.927589216000000	1.01692968200000
1.20099326400000	1.10821462600000
1.21903623700000	1.10611722200000
2.40082104900000	1.61165957100000
3.87011575600000	1.95921305200000
1.44782950600000	1.14852601300000
1.40057206200000	1.21148277100000
1.28120665600000	1.06326811400000
1.48208767500000	1.19645754700000
1.48576043400000	1.24791120500000
1.33628610200000	1.12307979500000
2.85196916200000	1.67268206600000
2.02026824700000	1.36801695600000
3.41187423800000	1.95599099400000
1.18475110800000	1.15392455700000
3.65456799600000	1.94820586600000
1.01814170000000	1.07086471200000
2.12100405700000	-1.51894959200000
2.35229041800000	-1.48643890100000
0.487031540000000	-0.666711775000000
3.34628799300000	-1.77338671200000
3.23285737900000	-1.76703267800000
3.09142918100000	-1.77440254200000
3.16167247800000	-1.81390292300000
2.30897878500000	-1.52603852200000
3.65071085300000	-1.89773858700000
3.20504172700000	-1.73716891900000
0.252350181000000	-0.520450006000000
3.85363468200000	-2.01308480500000
1.36460907000000	-1.14531396000000
0.791612323000000	-0.849642519000000
3.64249359900000	-1.81381909400000
3.81320158200000	-1.96959920000000
0.983214013000000	-0.919533151000000
1.29226512000000	-1.17794219200000
3.60759297900000	-1.86380603600000
3.77574439800000	-1.91379038000000
0.330886347000000	-0.541003154000000
2.70930577900000	-1.66211647900000
0.418577253000000	-0.615883869000000
1.52772183200000	-1.26415748100000
3.65858904400000	-1.81167887200000
0.748837398000000	-0.868181206000000
2.75139048000000	-1.58660986700000
0.730664684000000	-0.861478082000000
2.85294366300000	-1.74511850800000
2.95379856700000	-1.74676808900000
0.469977791000000	-0.702834256000000
2.99032348400000	-1.68857806700000
0.704606435000000	-0.784324492000000
2.09371720000000	-1.43140544300000
1.14430092100000	-1.08836152000000
1.32633124900000	-1.17755971100000
2.57666399100000	-1.62390978500000
1.36350731300000	-1.17116264300000
3.73227671000000	-1.98193553000000
1.51180613800000	-1.19041051100000
3.40254926700000	-1.76505464800000
1.72967783800000	-1.27707385500000
3.91067933200000	-1.98570875800000
3.04766456200000	-1.80582810100000
1.44608914400000	-1.21386516400000
1.38126509200000	-1.19872218900000
1.01640195400000	-1.04585457000000
2.12953096100000	-1.43915299100000
0.249778528000000	-0.562552397000000
2.17447710300000	-1.56929849800000
0.0626199930000000	-0.233413313000000
0.694747137000000	-0.816166207000000
0.744468231000000	-0.878145486000000
0.907116520000000	-0.946167367000000
3.04950692200000	-1.75223823000000
1.04276694400000	-0.957408010000000
2.23498207300000	-1.46277829500000
3.14852720500000	-1.72916185300000
1.26203665900000	-1.12885608400000
2.17568880800000	-1.50432137800000
0.274548774000000	-0.574337864000000
3.50091310200000	-1.88263224800000
3.20225243200000	-1.76624174700000
2.34780745500000	-1.52084599500000
0.421804192000000	-0.662320698000000
3.15320978900000	-1.91438630500000
1.63331149300000	-1.33989806900000
2.34376639100000	-1.49582478900000
0.638732018000000	-0.744728716000000
2.53945975000000	-1.60516708500000
2.55541931200000	-1.59599197500000
2.33189158000000	-1.60122248500000
1.45806961900000	-1.14664718500000
1.58646430600000	-1.24394133100000
0.353038725000000	-0.535524329000000
2.33932328700000	-1.49098257500000
0.595562954000000	-0.762528238000000
0.640642747000000	-0.761090134000000
0.125903555000000	-0.391268266000000
2.51377553700000	-1.60243391400000
2.05015321800000	-1.40741165800000
2.53225493600000	-1.58826191100000
3.00103000000000	-1.70197626400000
1.38706909900000	-1.23522175000000
1.64427911500000	-1.20449822300000
0.575112985000000	-0.718000435000000
2.51590484700000	-1.60454183300000
1.07771371600000	-1.06161592400000
3.93265553700000	-1.95340083400000
3.11684803200000	-1.77462929400000
2.63910035300000	-1.60864096100000
1.44396827000000	-1.16150513500000
2.13146009800000	-1.41225507800000
0.957995120000000	-1.01110753600000
1.10800645000000	-1.07535652200000
2.16336027800000	-1.40583438900000
3.76140547700000	-1.96464840700000
3.36421229600000	-1.85540706700000
2.53206764300000	-1.57720435500000
0.928547787000000	-1.07313718500000
1.13887492400000	-0.993025697000000
3.94807700300000	-1.92436098300000
1.85253722300000	-1.32779674800000
2.37256997600000	-1.56687267300000
3.50513987200000	-1.78899660700000
3.68277162600000	-1.84951287200000
1.03923912300000	-1.12920606300000
2.03798779400000	-1.40425455100000
0.402135391000000	-0.669719780000000
0.448805626000000	-0.745530322000000
2.87528480900000	-1.66365306500000
0.351263926000000	-0.679214858000000
0.477891036000000	-0.664775116000000
0.400921804000000	-0.684803748000000
1.16354611400000	-1.09504017300000
1.34126841600000	-1.14436290200000
3.12238865300000	-1.75660827700000
2.03285692500000	-1.41402807600000
1.39574974000000	-1.18544069000000
1.62527009700000	-1.27354571800000
1.58249276500000	-1.19377110100000
2.71213442600000	-1.68389632700000
3.50105476600000	-1.81797592700000
2.59036104800000	-1.58754044000000
1.09394665200000	-1.03845540000000
0.624707839000000	-0.794992004000000
1.61719879900000	-1.21335681500000
3.38578718700000	-1.80130482200000
0.987298799000000	-1.00021459700000
0.171779389000000	-0.332657402000000
2.86499171200000	-1.70402973000000
2.52686935400000	-1.59062673500000
2.32900621000000	-1.61582704200000
3.77645906400000	-1.93504087700000
1.46808621600000	-1.19334424300000
1.19491156200000	-1.10467258500000
3.80295507900000	-1.93569102500000
3.94862723700000	-1.89987663600000
2.47923066900000	-1.55088142600000
3.11571838900000	-1.80262312300000
1.20682661000000	-1.00628206700000
1.07259505900000	-0.970264345000000
1.48411901800000	-1.19237481400000
1.84391913900000	-1.37533848700000
3.89055708000000	-2.00562552400000
1.77280211500000	-1.33165723300000
1.22886565200000	-1.05586697400000
0.724010928000000	-0.879922483000000
3.02089264100000	-1.73144461900000
1.11120994200000	-1.22233440500000
3.25532728600000	-1.78527152300000
3.63841120600000	-1.95186803800000
3.49103863100000	-1.90312954600000
2.48870614800000	-1.59125485600000
2.57401354900000	-1.61373686000000
1.08118376200000	-1.11169309000000
0.135317833000000	-0.386417079000000
0.689188012000000	-0.893354110000000
2.07098879300000	-1.41168935800000
1.84936036000000	-1.31813463900000
3.25884058600000	-1.85072981100000
0.361370902000000	-0.608113865000000
2.90689007700000	-1.68452336100000
0.625065416000000	-0.781017783000000
1.21267426500000	-1.16907098400000
3.86784182200000	-1.87728797900000
0.0366835860000000	-0.151944667000000
1.14445187800000	-1.09736249800000
1.38381752500000	-1.16265933900000
3.61716276000000	-1.90318404100000
3.30912557600000	-1.77872440200000
2.61324489800000	-1.61810167900000
2.43264237600000	-1.64299861600000
2.72353965000000	-1.70630892400000
2.50022937600000	-1.63687603800000
0.631904992000000	-0.771619493000000
2.35523898000000	-1.51652150800000
2.77585118300000	-1.61040567500000
1.30651765200000	-1.17460636100000
2.32120718500000	-1.53307621300000
2.33601597800000	-1.55729285600000
1.75602460800000	-1.32586822000000
0.641581179000000	-0.885396417000000
2.59808459200000	-1.63752857800000
1.46102912400000	-1.26429967400000
2.44465394300000	-1.52297280300000
1.15923066700000	-1.18624560300000
1.41157936300000	-1.18578289000000
1.04135180200000	-1.07671487500000
3.67163790900000	-1.86217156000000
2.10425312600000	-1.39927325900000
3.00775228800000	-1.77942319100000
0.450177941000000	-0.660103307000000
2.99965118900000	-1.79864276600000
3.10105169600000	-1.77289332900000
0.706746386000000	-0.792457613000000
3.13747562400000	-1.81188277800000
3.24579215700000	-1.75881303200000
2.72885678900000	-1.68375599900000
0.351942827000000	-0.623927763000000
0.739544922000000	-0.904912246000000
0.150954666000000	-0.381038845000000
2.76553863900000	-1.69334735100000
1.96953371900000	-1.41176034800000
2.31478081200000	-1.47990129000000
2.28981061700000	-1.45032971000000
0.809229054000000	-0.967878918000000
0.409428656000000	-0.637910744000000
1.23301088300000	-1.09594459900000
2.41091460900000	-1.50295825300000
1.26395443200000	-1.09641405000000
0.0688260050000000	-0.264515935000000
3.01693175500000	-1.79182488500000
0.302071704000000	-0.540307967000000
1.61689016800000	-1.20574208500000
1.95506603200000	-1.34948998500000
2.64968390700000	-1.63728541200000
0.0116675800000000	-0.0673263850000000
0.269031355000000	-0.473849801000000
2.73067860000000	-1.68497201000000
2.15676147000000	-1.49129487600000
2.79563842800000	-1.68834724700000
3.57617734600000	-1.84564637600000
0.148018008000000	-0.381484773000000
2.71543147300000	-1.69293148000000
2.18083480200000	-1.50317816500000
1.75879844000000	-1.36937005500000
0.0452208580000000	-0.193965667000000
0.403867194000000	-0.711956781000000
3.66225961700000	-1.94410502900000
0.992857720000000	-0.902663769000000
2.08573680300000	-1.47137363000000
0.362526136000000	-0.626550370000000
3.13655602700000	-1.82191935700000
2.90186402600000	-1.73621658200000
2.39254304200000	-1.48849453300000
2.05591778800000	-1.38021594700000
1.36696933500000	-1.21062485900000
1.03414226300000	-0.922714203000000
0.421845737000000	-0.630459449000000
2.15873208000000	-1.36339914400000
1.00580790100000	-0.976318104000000
3.14810589200000	-1.77034522500000
3.51148615600000	-1.86898435500000
2.13760530400000	-1.53017674300000
0.648528972000000	-0.791311948000000
2.66741318200000	-1.62856127900000
2.42475442200000	-1.55423858500000
3.72327515400000	-1.94513998900000
0.0708735340000000	-0.121011548000000
1.60706617000000	-1.28260049700000
0.266035424000000	-0.645055867000000
2.29394014900000	-1.54274583400000
2.45848120700000	-1.55118158000000
0.170761963000000	-0.387892945000000
2.15645353400000	-1.58139031900000
3.76719952700000	-1.98729072100000
1.58895007100000	-1.28111527200000
3.75742060100000	-1.99316165000000
1.07182939000000	-1.06739547900000
2.58028250700000	-1.64438441700000
0.612207126000000	-0.757468047000000
3.77408733400000	-1.93473470100000
3.42016165900000	-1.82560210900000
3.00496804800000	-1.76773067300000
2.46478664400000	-1.65213717400000
2.55667393600000	-1.62529791800000
2.86213471800000	-1.73173986400000
3.26109815900000	-1.79773242000000
3.07976312300000	-1.69544431800000
3.60834326900000	-1.88319220700000
2.84843084500000	-1.56433242500000
3.07654761000000	-1.78315864100000
2.44082691100000	-1.55529872500000
3.42702027600000	-1.93771502200000
3.19880234900000	-1.78492067600000
1.17343065000000	-1.07989410500000
2.60685264400000	-1.56961439900000
3.65958446400000	-1.93630860600000
2.98968340400000	-1.74453448600000
2.96639474700000	-1.77392175100000
1.23517593900000	-1.19425108300000
0.320304346000000	-0.579460859000000
1.00785516300000	-1.06217959000000
0.835876392000000	-0.859882463000000
2.38493279500000	-1.55796518600000
3.16050969400000	-1.73693774300000
3.47888894300000	-1.83559114500000
2.75786838300000	-1.68713754200000
3.60316863200000	-1.79208482000000
3.00179340500000	-1.78023433800000
0.0355659470000000	-0.141396365000000
1.64623602700000	-1.29564137600000
3.62655413300000	-1.88121146300000
3.36539850400000	-1.80778454100000
0.648744375000000	-0.849378755000000
3.75653670700000	-1.94262780500000
3.38419906600000	-1.76181598400000
1.38194117900000	-1.12283168300000
3.35916530500000	-1.78201048200000
1.36924422100000	-1.20503523300000
1.48005989400000	-1.21793053900000
2.85128922000000	-1.64850324600000
3.52599840600000	-1.95020318800000
3.58589877500000	-1.85639458000000
1.80697485100000	-1.38644104200000
2.17273983200000	-1.44063900300000
0.0997133130000000	-0.321096126000000
3.17266952700000	-1.76455989700000
1.74546369000000	-1.34848418300000
0.771787781000000	-0.945720612000000
1.54619034700000	-1.18702644000000
1.93701774500000	-1.40770709100000
3.59533797400000	-1.84247162300000
1.66499416300000	-1.30397814800000
3.45822511400000	-1.89778566700000
0.561723241000000	-0.750362480000000
1.89272323900000	-1.35835189200000
2.41934754100000	-1.53014290800000
2.11693645100000	-1.45713616100000
1.58698116100000	-1.22142255900000
0.579751079000000	-0.751020475000000
1.85955256500000	-1.32846714000000
2.94345443000000	-1.67869319600000
3.13082526900000	-1.74043247600000
1.34337114200000	-1.19073316100000
1.43454496800000	-1.19617911000000
3.97781687100000	-2.02734324200000
0.0791344490000000	-0.345968233000000
3.21920545200000	-1.84241477500000
1.57145979800000	-1.22244249800000
0.761301176000000	-0.861443003000000
0.404835145000000	-0.627537872000000
2.97274719100000	-1.70072990200000
0.898467256000000	-0.964484789000000
0.495635103000000	-0.718900338000000
1.79823759500000	-1.28900677700000
0.432062010000000	-0.665016214000000
1.54726376800000	-1.30443970800000
3.17092362000000	-1.78509112400000
2.43330551900000	-1.63587557500000
1.69816975000000	-1.36581515700000
0.372574301000000	-0.618428972000000
2.50216425500000	-1.60770911600000
2.92403917900000	-1.74030155300000
0.636917473000000	-0.941720184000000
2.55643825200000	-1.58126853200000
2.76656390000000	-1.70674501500000
3.04595729800000	-1.70167212000000
0.171933694000000	-0.468006517000000
2.80895865700000	-1.64650564400000
2.39314131000000	-1.51488627200000
1.99379199600000	-1.43258474000000
2.12637978300000	-1.46962257600000
3.04179603900000	-1.75416727700000
0.546329832000000	-0.700766050000000
1.70246666100000	-1.28259001400000
1.68528876500000	-1.27353619500000
1.18153751000000	-1.10166403200000
0.829284285000000	-0.902430695000000
0.0654293040000000	-0.228608768000000
2.49913323000000	-1.51534237000000
3.89723043800000	-1.92034465300000
0.842308474000000	-0.886082628000000
3.37258901200000	-1.84381040200000
1.82330541200000	-1.36145670900000
3.77479560400000	-1.89152505200000
3.47651935900000	-1.90082642800000
0.192271385000000	-0.374892543000000
2.06118621600000	-1.31228309600000
2.92924790200000	-1.66349219500000
1.66310976400000	-1.26617992100000
3.13770246700000	-1.71523444100000
0.904265907000000	-0.885168500000000
3.80968352700000	-1.98947795800000
1.74022251900000	-1.34083329100000
0.0997773960000000	-0.345511143000000
3.30255605700000	-1.76822455800000
2.18100734100000	-1.47951967600000
0.152468729000000	-0.340958415000000
2.45304561000000	-1.57971325800000
3.98451246700000	-1.96443317600000
1.54467884500000	-1.29786464900000
3.51820450400000	-1.82962644400000
1.06166015000000	-1.05373214800000
3.53923197600000	-1.80943711800000
0.504716348000000	-0.654571277000000
1.36525787600000	-1.24006629600000
0.741747335000000	-0.894968956000000
1.72183329000000	-1.37931518000000
1.74111904200000	-1.32882168700000
2.71128388700000	-1.74865896900000
1.74463278600000	-1.24868453700000
1.84150804100000	-1.37327355200000
3.48180977900000	-1.85671856900000
2.26883874600000	-1.46744934100000
1.63207873800000	-1.31868623100000
0.315209218000000	-0.621648054000000
1.60286382800000	-1.19190644300000
2.83353715200000	-1.71306513100000
1.84422028700000	-1.37419816400000
0.694677783000000	-0.880657911000000
2.79290234400000	-1.64801938800000
2.97818854900000	-1.71196051600000
2.03519578800000	-1.42027703300000
1.25457284400000	-1.11164014200000
3.92396110900000	-1.95326989900000
3.66131993300000	-1.86451263900000
2.20728880600000	-1.43173046400000
1.17883167900000	-1.08193808400000
3.87412233900000	-2.04950354400000
2.16066568200000	-1.47632133000000
3.40623462900000	-1.79618329400000
3.47829100400000	-1.86219942100000
2.63275504600000	-1.66694464600000
0.311091510000000	-0.520594143000000
1.73310371300000	-1.21738513800000
1.70822054100000	-1.24207546200000
0.719576959000000	-0.897015949000000
2.65533784900000	-1.60749953400000
2.30266673000000	-1.56834654700000
2.06772808100000	-1.46238924200000
0.378417504000000	-0.658613255000000
3.96019449800000	-1.97524055200000
2.24120770700000	-1.46905737100000
2.57913971600000	-1.62179041400000
2.63896065500000	-1.67651535300000
2.22837454400000	-1.54832509900000
1.02524180600000	-1.03365510600000
0.400654929000000	-0.732809527000000
0.314788637000000	-0.572394536000000
2.54277053700000	-1.54358722500000
2.91451055000000	-1.68784358500000
1.48467756800000	-1.20125097800000
0.842490586000000	-0.894232458000000
2.73866298600000	-1.57820957500000
0.954148593000000	-0.956667968000000
1.97077690700000	-1.37504502300000
0.222678016000000	-0.387248345000000
0.652412832000000	-0.803850110000000
0.839983575000000	-0.933375193000000
1.27379726300000	-1.15248967500000
3.58126586100000	-1.86960004600000
2.29378307200000	-1.57811829200000
0.776221996000000	-0.940008881000000
3.20712103800000	-1.76765957800000
2.20062246200000	-1.49547622400000
2.31694984200000	-1.50656200500000
0.410663676000000	-0.652661562000000
1.98354685200000	-1.41649670400000
2.64248976500000	-1.61071997100000
1.87017590700000	-1.35510814200000
1.94382025800000	-1.38078036100000
0.485329069000000	-0.633523918000000
3.40762129600000	-1.80926695900000
0.0474740800000000	-0.231937917000000
1.43499783100000	-1.25066298300000
1.69334639100000	-1.24900444400000
2.35133389700000	-1.58861350300000
2.56901537800000	-1.54823664600000
0.623160669000000	-0.784841558000000
2.75906227200000	-1.70079916000000
1.90926526800000	-1.35836870800000
3.55650261600000	-1.92869902900000
1.03084625700000	-0.999567157000000
3.85920253500000	-1.91698699000000
0.643418650000000	-0.851639666000000
0.0906514210000000	-0.368904428000000
1.10251038000000	-1.06829768400000
3.18908570100000	-1.79222553500000
0.485669318000000	-0.573495728000000
3.92540555000000	-1.95434214200000
3.92956591000000	-1.98569305400000
0.276295131000000	-0.536167316000000
2.00450395800000	-1.35471118100000
3.98685181800000	-1.94940594500000
3.38676987900000	-1.84126217700000
1.04421879700000	-1.12532695100000
3.83760221300000	-1.96244091600000
3.23120174500000	-1.83696538200000
2.92558503300000	-1.72364264700000
3.21461704200000	-1.75862410200000
3.77412523800000	-1.97685375100000
0.927589216000000	-0.965053217000000
1.20099326400000	-1.05692969100000
1.21903623700000	-1.20938693700000
2.40082104900000	-1.47651059600000
3.87011575600000	-2.10096287700000
1.44782950600000	-1.13325805700000
1.40057206200000	-1.06798672600000
1.28120665600000	-1.09235146300000
1.48208767500000	-1.29819324300000
1.48576043400000	-1.25357199100000
1.33628610200000	-1.21704246800000
2.85196916200000	-1.77308911600000
2.02026824700000	-1.35520533500000
3.41187423800000	-1.90905970500000
1.18475110800000	-1.04443540600000
3.65456799600000	-1.81944936900000
1.01814170000000	-1.04354689300000
1.12468401800000	-0.0634871790000000
0.959593569000000	-0.0709384040000000
0.964412280000000	0.0975351730000000
1.16552700300000	-0.0613190770000000
0.905689721000000	-0.101675264000000
0.884817143000000	-0.000128811000000000
0.979876731000000	-0.112006197000000
0.968001702000000	-0.308295020000000
1.21324435000000	0.0591278230000000
1.02916920200000	0.0619309370000000
1.13253596800000	0.0747659820000000
0.912796196000000	-0.0681672630000000
1.20568980500000	-0.135339372000000
1.02849687700000	0.159051351000000
0.900896817000000	-0.124318712000000
1.07871424900000	0.0581691020000000
0.950497737000000	-0.0660989100000000
1.01710778000000	0.0386937130000000
1.01105710700000	-0.0970359630000000
0.995803787000000	-0.0755898340000000
0.899740161000000	0.117564948000000
1.08755104400000	0.0718629160000000
1.11037817000000	0.0296634610000000
0.961978943000000	0.0436721190000000
1.15067268300000	0.109442942000000
1.15452703100000	0.0182861960000000
1.13468700100000	0.0609905880000000
0.923471778000000	0.146189553000000
0.963580442000000	0.0157094100000000
0.927567988000000	-0.00128035100000000
0.962649479000000	-0.0897563350000000
1.01683980100000	-0.105361701000000
1.19209088100000	-0.180310426000000
0.894607465000000	0.0493567280000000
1.02443876300000	-0.123690796000000
0.945580150000000	-0.0117873570000000
0.892546789000000	-0.0686139330000000
0.970160876000000	0.111418259000000
0.910942683000000	-0.0325408890000000
1.10454151100000	0.00852227300000000
1.13303876400000	0.0274040410000000
0.989634327000000	0.0652682570000000
0.881048977000000	-0.0454101590000000
0.860178545000000	0.0211117720000000
1.02673537400000	-0.0885691660000000
1.20248313900000	-0.0182045500000000
0.870470487000000	0.0650036030000000
1.03757576500000	-0.111046991000000
1.11659963400000	0.00752938200000000
1.10582321200000	0.0297747190000000
0.894718195000000	0.0363429220000000
0.902948929000000	0.0142569680000000
1.01993701000000	0.113517608000000
0.954979871000000	0.0212389790000000
0.998075451000000	0.0832775710000000
1.01817314400000	-0.00334430600000000
0.862104518000000	-0.0638637430000000
1.10123486500000	0.206779542000000
1.25993701400000	-0.0422020630000000
1.07198018400000	-0.166966328000000
1.02567696900000	-0.0485438230000000
1.14042863400000	-0.104596205000000
0.904654579000000	0.106400828000000
1.01090189600000	-0.0546957920000000
0.939013176000000	-0.169380351000000
0.842985526000000	0.0818735960000000
1.00208686500000	-0.0979615800000000
1.07077726900000	-0.0909406660000000
1.11268348600000	-0.0363731000000000
1.00103933600000	0.141985603000000
1.18493653700000	0.0937766390000000
1.05438947100000	-0.104594103000000
1.24379679200000	0.0869512090000000
1.05107345500000	0.0250429530000000
1.06113931200000	0.0574475460000000
1.05690727900000	-0.0157923580000000
0.869137910000000	0.0338446660000000
1.03949292900000	0.00158678100000000
0.891400678000000	-0.136075735000000
0.947536076000000	0.0805007350000000
1.16031364500000	-0.101691109000000
1.08434825600000	0.0460097340000000
0.895945441000000	0.0981226510000000
1.19468432400000	0.106756803000000
1.01485356700000	0.00962162300000000
1.05622199500000	0.0982698780000000
1.09029958800000	-0.0352922250000000
0.853136768000000	-0.0644790250000000
1.01167749400000	0.112231720000000
0.946342316000000	0.0727491840000000
0.933070537000000	0.232309598000000
0.985785261000000	-0.0725404250000000
1.14171167900000	-0.122681275000000
1.07344874100000	0.0965327510000000
0.923483153000000	0.176709660000000
0.842146650000000	0.00298407800000000
1.01883883800000	-0.0690295350000000
1.03658305600000	0.00691612300000000
0.981192430000000	0.290693282000000
1.02672393300000	-0.153745554000000
1.98037187500000	0.239146113000000
1.94783130500000	0.138335028000000
1.95872320000000	-0.193261956000000
1.89705501300000	-0.0144003210000000
1.83866628500000	0.00782496400000000
1.77119091900000	0.0768557240000000
2.08906009300000	-0.156724990000000
1.91461066900000	-0.0839234460000000
2.09690657300000	-0.0568838610000000
1.76742119200000	-0.00993506700000000
2.00546927200000	-0.0185754550000000
2.02367575300000	0.152831185000000
1.95990258800000	-0.0926430830000000
1.85373398900000	-0.0143118940000000
2.00746400300000	0.230665909000000
2.01173842300000	-0.276057831000000
2.09559331000000	-0.145927727000000
2.08871632800000	-0.113474878000000
1.81649954600000	0.104032812000000
2.11120992300000	0.0356353960000000
1.94392264200000	0.00774948200000000
2.00588578600000	-0.0794606210000000
1.97796972600000	-0.199913837000000
1.81973103100000	-0.178412418000000
1.94278675500000	-0.124379143000000
1.84028977100000	0.0343191460000000
2.00614177100000	0.110659400000000
2.09871182000000	-0.0717816940000000
1.97591797500000	0.183887862000000
1.89823621600000	0.136815838000000
2.10880624400000	-0.149264626000000
2.16855839100000	-0.0925703920000000
1.95503578800000	-0.101398691000000
1.84085714000000	0.173314521000000
2.14313308100000	-0.109176631000000
1.83141991300000	-0.159630338000000
2.16258298300000	0.0336613950000000
1.89597844200000	0.163417427000000
1.99288934100000	0.0257251450000000
2.05558473100000	0.203770289000000
1.95247241700000	-0.221377183000000
1.82756027700000	-0.314889244000000
2.09329043400000	0.193958159000000
1.98897503400000	0.130992444000000
2.05603380200000	0.244004661000000
2.09267791500000	0.0982973220000000
2.17215383600000	0.0873776160000000
2.10494098200000	0.196527334000000
2.07227235800000	-0.0816456190000000
1.93220347800000	0.0716212640000000
2.06398067000000	-0.0617804070000000
2.24016324100000	0.100595669000000
2.14296124000000	0.110876039000000
1.96321630100000	0.0987332730000000
2.23782949000000	0.0683625920000000
2.06247234200000	-0.0216355710000000
1.76489408500000	0.0206569370000000
2.02471924400000	-0.102077802000000
1.83131602500000	0.155223994000000
2.12679299800000	-0.0770351740000000
1.97833004200000	0.0781841690000000
1.90924275000000	0.0565293890000000
2.09528967400000	-0.153833116000000
1.92720916200000	0.0713734350000000
1.95310673800000	-0.257782537000000
1.75791231500000	-0.0532602430000000
1.96938416500000	0.204623365000000
2.01376234400000	0.0371866660000000
1.86624320100000	-0.131726568000000
2.00693407900000	-0.0351278300000000
1.79799953100000	-0.0858217260000000
1.81092329200000	0.256670853000000
1.73715781000000	0.173029791000000
2.15781104600000	-0.0125055730000000
1.85728589000000	-0.0223535010000000
2.23331671700000	0.0771480900000000
1.79818002600000	-0.114411958000000
2.05269579000000	-0.141742624000000
1.86412527100000	-0.255025954000000
1.96348003900000	0.0899291230000000
1.73172120600000	-0.0605788890000000
2.21814758200000	-0.153579705000000
2.23681577800000	0.0684728230000000
1.83513978900000	0.295857682000000
2.10731869400000	-0.0367536560000000
2.10081358400000	-0.223801278000000
1.89561056900000	-0.0990285870000000
2.07401229500000	-0.00265350800000000
2.07973603600000	-0.147164444000000
2.00054022100000	0.0433361110000000
2.02273263800000	-0.147231421000000
2.05993584800000	-0.100594595000000
2.12456661700000	0.0998730890000000
2.00914430800000	-0.0249815600000000
1.96841259000000	0.137174045000000
2.18371793800000	0.277614577000000
2.30925080400000	0.0683739760000000
2.25612478400000	0.154709288000000
2.15265010100000	-0.154758553000000
2.24529773500000	0.280996227000000
3.01465424600000	-0.130495325000000
2.68169444100000	0.270629998000000
2.77486242800000	0.0314716650000000
3.02075899500000	-0.173303732000000
3.11245379600000	-0.159482073000000
3.00815991000000	-0.0175185860000000
3.19756718100000	0.170337453000000
3.05992676300000	0.0777068920000000
2.79027960300000	-0.0171197530000000
2.74435010100000	-0.0966082040000000
3.05546831400000	-0.0914213490000000
3.15848126200000	-0.170540049000000
3.06685017500000	-0.240508673000000
2.85290286800000	0.336385385000000
2.62773179100000	-0.205261416000000
2.85510860800000	-0.249660995000000
3.21305416200000	0.000595099000000000
2.68573459200000	-0.0442452160000000
3.02956790000000	0.0711078350000000
2.97660101700000	-0.0268987320000000
3.04350828400000	-0.140006378000000
2.77221171000000	0.113259981000000
2.89450775200000	0.0700026350000000
2.99774784900000	-0.349129297000000
2.67411518100000	0.0369097230000000
2.81848655400000	0.0864690950000000
3.01396893700000	0.0895705360000000
2.77641041200000	-0.0355728670000000
2.91490696800000	-0.0510590330000000
3.12311079900000	0.0556967360000000
2.95330510600000	0.0502077930000000
2.97861217700000	-0.294475045000000
3.16687303700000	-0.339099133000000
3.27181468800000	0.0635946130000000
3.13151825900000	0.241574796000000
2.83898959300000	0.144212496000000
3.23953675800000	0.186932273000000
3.07513827300000	0.109732946000000
3.05406754400000	0.116717002000000
2.72524860600000	0.148887078000000
2.80599779100000	0.140927574000000
3.25730033700000	-0.111518565000000
3.02347795800000	0.157335122000000
3.28624688200000	0.0556430750000000
2.84596125100000	-0.0841308170000000
2.96387048600000	0.00738165600000000
3.23746353000000	-0.141698312000000
2.75617469300000	0.180245674000000
2.80727178300000	-0.0777106880000000
2.74467306900000	0.0958702590000000
3.24652887500000	0.258685024000000
2.78176991400000	0.0705085320000000
3.09209435800000	0.0642909910000000
2.80749797600000	-0.103147665000000
3.01278690500000	0.214662082000000
3.15118143100000	-0.0922847700000000
3.09888742600000	0.0694890580000000
3.04565980800000	-0.0662772870000000
2.80791178000000	-0.0223836110000000
3.24770610300000	-0.101020319000000
3.13640115900000	0.101684841000000
2.99509833800000	0.298441833000000
3.24359749900000	0.0625692700000000
3.15750304600000	-0.228775540000000
3.40532089400000	0.217360537000000
3.20237520500000	-0.168732982000000
3.01441286300000	0.124218043000000
2.43789593900000	0.173457284000000
2.81725321000000	0.0172642010000000
3.19968541100000	-0.0268908320000000
3.11428811700000	-0.0569207110000000
3.21425491300000	-0.280972836000000
2.83084414100000	0.370952230000000
3.10202434100000	0.0671522060000000
2.93402238700000	0.182857255000000
3.11694143500000	-0.160946428000000
2.70847530300000	0.0755749240000000
2.91256312900000	-0.0702337740000000
3.00394194000000	-0.181834770000000
2.68505265500000	-0.269204829000000
3.05390460100000	-0.314099515000000
2.67995082500000	-0.209657242000000
3.10228492200000	-0.199701780000000
3.08947487300000	-0.0282391480000000
2.95866727100000	0.0968107570000000
2.77589921000000	-0.235673524000000
2.96074791400000	-0.0638373330000000
2.88827511000000	-0.0551571210000000
2.84879868300000	-0.0195469080000000
3.03284073800000	0.219053559000000
3.10183634500000	0.0319111540000000
3.02756665100000	0.398445884000000
2.90881068000000	0.203602719000000
3.03074753200000	-0.0473955140000000
2.99616407100000	-0.0209875670000000
2.95363054700000	0.0818147930000000
2.99071036900000	0.136294707000000
3.14922989500000	-0.238945964000000
2.86762170800000	-0.0745637480000000
2.87401389200000	-0.301021661000000
1.03661731000000	-1.46013200100000
0.384426098000000	-1.70370461200000
2.73759974400000	1.67616571800000
1.03924781100000	1.22260517300000
2.26190330000000	-1.64432934100000
3.57109734900000	0.134931643000000
3.36086457900000	1.79200793900000
0.157021810000000	0.0379670000000000
0.432606045000000	-0.365918930000000
2.66508000900000	-1.24013777500000
1.17053366600000	1.72858583200000
0.583574810000000	-0.630644502000000
2.31798109100000	1.91674141900000
2.01155498200000	-0.981514044000000
2.37160908300000	-1.63835671400000
0.611504659000000	0.0348350030000000
3.74996629500000	0.859803427000000
2.19113554200000	1.07294605400000
2.70848841200000	-0.280493145000000
2.45062663600000	0.105135003000000
2.19453019100000	1.11731259800000
3.15946530800000	0.664649921000000
1.21350318800000	-1.48195571600000
2.79605703100000	1.71178913300000
2.36391751400000	-0.0736725380000000
0.0170348340000000	0.279468581000000
3.05262257200000	1.00463741600000
1.03081719900000	-0.433499125000000
1.44391914900000	0.129469750000000
1.81277742800000	0.642074433000000
3.38741477000000	-0.491534859000000
2.24546074200000	0.128615006000000
0.321170458000000	-1.47641353200000
2.30174673300000	1.82292394400000
3.46885232300000	-0.230094422000000
0.793691030000000	0.433326019000000
2.76013126100000	1.48638025700000
3.90262123100000	-1.98016523600000
3.17880955200000	-0.673691434000000
3.87549506100000	0.807273478000000
2.54437820900000	1.06020778200000
1.76292475700000	1.24167813500000
0.669209275000000	-0.283747531000000
3.53408333100000	-1.13024591700000
2.54848923600000	1.67971281000000
2.59110412100000	0.717831636000000
3.89817445200000	1.29232851100000
1.69552932500000	-1.85853129000000
1.06210949100000	0.460843042000000
1.07719984900000	0.797542952000000
3.45035904400000	-0.619416123000000
1.89851579600000	-0.817110960000000
1.32620185100000	1.99545383600000
0.967565435000000	1.67676141100000
0.586619993000000	-1.62521558700000
3.94438696700000	1.59214803700000
2.80531222900000	-0.697876277000000
2.41446211600000	0.0167840100000000
2.86770129600000	1.96851747500000
0.641930184000000	-1.22404211100000
1.33423376600000	0.0573875240000000
1.97499456800000	-0.928998866000000
1.90456703200000	-0.575582650000000
1.19753035900000	0.348948097000000
0.972469848000000	0.164834239000000
1.83983759600000	1.70805546700000
3.50294882800000	1.09224853600000
2.29243198700000	0.0251165540000000
2.62208282500000	0.595179662000000
0.768287239000000	1.90324583600000
1.47226502700000	-1.61460041400000
0.879338728000000	0.563942363000000
0.950085680000000	-1.53955800100000
1.63941528900000	-0.324732046000000
1.85619206900000	-0.151171907000000
3.13189522800000	-0.147834920000000
3.13733120700000	-1.80348418900000
3.61353439400000	0.563791110000000
3.58572503300000	-1.65338528200000
0.154266970000000	-0.0809927710000000
3.27083711500000	0.936289904000000
0.858987882000000	1.32768992100000
0.122521993000000	-0.262193887000000
3.52953679300000	-1.80772814200000
1.76309140200000	1.08774025100000
0.692655132000000	0.491037504000000
3.04709011200000	-1.66196327700000
0.0863546280000000	-1.58082976300000
1.80638083300000	-1.50071857800000
0.105075498000000	-0.122308227000000
2.35672290000000	-1.61300821000000
0.737187443000000	0.322942277000000
1.93357155900000	1.64888410700000
2.71571738200000	-1.14988772700000
2.07601245700000	0.930911394000000
3.94882534200000	-0.0395158960000000
0.397599214000000	1.66367693600000
1.99712508900000	-0.427452806000000
2.34577028200000	0.561154362000000
0.746483324000000	1.28899397200000